1 2 3 4 5 6 7 8 9 10 11 12 13 14 15 16%zunanja plast 1
17 18 19 4 20 21 22 8 23 24 25 12 26 27 28 16%zunanja plast 2
1 29 30 31 5 32 33 34 9 35 36 37 13 38 39 40%zunanja plast 3
17 41 42 31 20 43 44 34 23 45 46 37 26 47 48 40%zunanja plast 4
49 50 51 52 53 54 55 56 57 58 59 60 61 62 63 64%notranja plast 1
65 66 67 52 68 69 70 56 71 72 73 60 74 75 76 64%notranja plast 2
49 77 78 79  53 80 81 82 57 83 84 85 61 86 87 88%notranja plast 3
65 89 90 79 68 91 92 82  71 93 94 85 74 95 96 88%notranja plast 4
1 97 98 49 2 99 100 50 3 101 102 51 4 103 104 52%zgornji rob 1 
4 103 104 52 19 105 106 67 18 107 108 66 17 109 110 65%zgornji rob 2
17 109 110 65 41 111 112 89 42 113 114 90  31 115 116 79%zgornji rob 3
31 115 116 79 30 119 120 78 29 117 118 77 1 97 98 49%zgornji rob 4
